1 0.009863 33429.4 0.016098 0.138595 0.90472
2 0.006424 21548.6 0.016849 0.2775 0.90204
3 0.024786 25258.5 0.016237 0.416443 0.85807
4 0.006825 21554.3 0.016062 0.568158 0.82361
5 0.007892 20855.1 0.015917 0.698925 0.82356
6 0.008307 19613.4 0.020743 0.850316 0.79755
7 0.063903 23091.9 0.016704 1.00836 0.78455
8 0.006987 22514.8 0.016585 1.16641 0.75988
9 0.007501 20903.6 0.01652 1.3217 0.74166
10 0.009091 20011.3 0.019404 1.48471 0.74115
11 0.009979 17338.8 0.016889 1.65013 0.73117
12 0.009348 15801 0.017638 1.81621 0.73185
13 0.009483 14337 0.016839 1.98414 0.73223
14 0.009945 13555.2 0.017276 2.15124 0.71823
15 0.188778 18129.4 0.019303 2.4893 0.69307
16 0.011852 15684.8 0.019541 2.67032 0.68918
17 0.010052 15140.4 0.01554 2.78366 0.68302
18 0.009539 14285.9 0.015172 2.91387 0.67382
19 0.011216 13118.6 0.020038 3.0603 0.67042
20 0.011611 13129.5 0.019979 3.22918 0.6699
21 0.010683 12935.2 0.018426 3.43742 0.66219
22 0.011676 11855.7 0.019676 3.66855 0.6608
23 0.011665 11644.8 0.018827 3.87248 0.66303
24 0.011452 11749.9 0.020482 4.10332 0.65768
25 0.014614 10896.5 0.019938 4.38631 0.6575
26 0.012215 11141.7 0.021984 4.62608 0.65231
27 0.012789 10603.1 0.017488 4.88608 0.6527
28 0.015344 9725.16 0.023287 5.1845 0.65477
29 0.014633 9483.51 0.022661 5.46815 0.65439
30 0.014961 8808.69 0.019526 5.84398 0.65783
31 0.523636 12407.3 0.02271 6.10592 0.62071
32 0.013921 11293.3 0.024175 6.3973 0.62071
33 0.013923 10437.7 0.020368 6.93606 0.61501
34 0.014341 10353.1 0.020035 7.18027 0.61595
35 0.013428 8914.63 0.020034 7.51389 0.61169
36 0.014627 9098.7 0.022424 7.91389 0.61057
37 0.013627 9335.12 0.021879 8.21795 0.60642
38 0.015174 9218.51 0.024854 8.23882 0.60419
39 0.015162 8968.07 0.024821 8.37172 0.60304
40 0.017179 9200.26 0.020409 8.6265 0.60231
